3 8 3134 11117 9201 6181 3121 9162 3008 86 
1 2 3121 9123 
1 6 6181 9115 9217 9165 98 9215 
3 4 86 3189 9195 94 
1 5 94 170 134 11096 9119 
3 8 94 6021 11175 155 11092 6094 9118 11159 
2 5 6052 9176 9078 2994 11159 
3 8 6189 81 160 3057 60 9082 3084 11159 
3 5 9308 164 2 11107 9131 
3 4 9131 11189 9207 6189 
3 7 6245 6022 85 150 11131 3085 6189 
3 4 6245 3215 9343 11349 
3 7 306 3247 6273 9399 3279 6303 11349 
3 3 3247 11353 11241 
2 6 9343 226 9333 110 11191 6154 
3 4 9308 9393 6215 6247 
3 4 6247 346 11338 378 
2 3 121 3220 346 
3 7 6245 344 3259 6283 9278 9356 378 
3 8 378 6316 11362 3290 9348 6290 6396 6262 
3 4 6262 6315 3250 3376 
3 5 378 9311 3202 3339 3387 
2 4 6262 6333 9330 11379 
2 4 11379 11314 3275 3387 
3 3 3387 330 3257 
3 6 3257 3302 275 11227 11381 11351 
3 4 11351 340 471 9422 
3 5 9422 3566 11512 9502 487 
2 5 9422 11436 11540 9448 413 
3 3 3504 6528 9502 
2 3 3431 9464 9502 
2 3 9422 6587 3465 
2 6 11351 396 232 3266 9324 6291 
1 3 6391 11309 6291 
2 5 533 11501 9540 6566 3431 
1 3 11375 9368 270 
1 6 9259 3282 3383 9325 6050 11375 
1 6 9258 11269 3317 11373 6337 392 
1 6 392 9338 6302 6226 6275 11225 
1 2 9299 6275 
1 8 12128 10299 6379 3330 3357 393 11348 11225 
1 8 11537 9526 11510 9462 1318 4351 7438 4294 
1 4 12128 12298 1210 4261 
3 6 4261 4383 12200 4311 4265 1278 
3 6 1278 291 6285 7431 7403 6278 
1 2 1278 1305 
2 3 1278 12117 10329 
2 4 7431 1380 10286 12216 
3 7 6278 6217 305 6297 3139 272 6124 
3 7 1380 12626 390 7346 9283 189 123 
2 6 6297 3027 370 6288 6162 9283 
3 8 9308 97 6077 6180 9136 9200 11075 73 
1 5 11075 23 196 9133 9210 
3 7 6124 9214 3146 9065 3167 3066 73 
1 3 3146 9114 45 
2 3 6191 9370 6124 
3 4 7431 6246 6368 9385 
3 7 9385 10301 3214 11496 9514 372 6338 
1 5 9299 11319 11273 11339 9514 
1 4 477 6514 615 13242 
1 2 13242 3618 
3 3 11241 9323 6249 
3 5 6249 6326 3219 6459 310 
1 3 9386 9353 207 
1 3 3151 149 79 
1 4 70 11059 11153 11150 
1 3 9098 11139 117 
1 3 79 6197 117 
2 4 3174 6381 496 3152 
2 3 9221 6178 6381 
2 4 11127 11057 6099 9221 
3 5 310 7482 11222 10323 9340 
2 3 9340 9240 9501 
1 3 9501 308 6381 
2 4 11222 3298 9485 9221 
2 3 9340 13258 6222 
2 4 7482 11358 9246 9438 
2 3 9438 9357 6296 
2 4 6296 3272 11312 3254 
2 4 3254 11386 9372 6375 
2 4 11312 3384 395 6332 
1 4 6296 9404 9295 3320 
2 4 6222 6342 3354 6314 
1 4 3254 400 11357 11301 
2 2 6413 3320 
2 5 3320 13281 9274 13280 13206 
1 4 11370 3267 13372 9341 
1 4 3378 342 13368 11322 
1 4 3203 3293 331 11313 
1 5 3392 3256 6306 13365 9304 
1 3 402 3521 6484 
3 8 9449 3492 558 457 302 328 356 3376 
3 2 558 3580 
2 4 9355 11214 11337 328 
2 3 413 6477 302 
2 4 11381 9367 6369 6398 
2 3 6398 3346 356 
3 4 3504 6494 11412 3469 
3 3 306 3210 11336 
3 4 11336 6243 3226 3335 
2 3 6243 352 3345 
1 3 6396 3308 382 
3 4 3335 3306 6386 6304 
3 3 6304 9260 3580 
3 6 3306 3364 238 6589 546 3568 
2 3 3364 343 11325 
2 4 11325 11229 9342 9288 
1 6 6354 11271 6233 11355 13266 9288 
1 3 6233 9247 11230 
2 4 3226 6252 6365 300 
2 3 3568 3480 11489 
2 4 3520 6565 9566 3225 
2 3 11489 9437 6605 
3 4 3520 11462 9413 6605 
3 3 9449 9556 418 
2 3 418 6554 9531 
2 5 9531 11487 523 9476 9461 
3 4 418 3531 11461 502 
3 3 502 3466 6474 
2 2 11461 11452 
2 4 3531 3508 6578 511 
3 3 9449 6481 3520 
3 6 9449 6517 11500 9489 473 3469 
3 3 6474 6776 6420 
3 4 6420 13272 13273 6783 
3 4 6420 9571 9729 6596 
2 3 6783 11559 9417 
2 4 9417 9430 6493 6474 
3 4 6783 6755 13362 3734 
2 5 3734 6768 9709 9726 11696 
2 3 6596 3767 11405 
2 2 11405 11437 
2 3 11437 6423 11561 
3 6 6605 559 6495 6478 3468 3452 
3 2 3452 488 
3 8 488 458 11438 11424 9451 6480 11464 476 
2 3 11464 9481 11514 
3 3 476 6429 3457 
3 3 3457 6509 13348 
3 3 13348 491 11479 
2 2 491 11411 
1 5 11691 11536 6431 6460 11411 
3 4 6596 3573 737 13340 
3 4 13340 574 11546 11703 
3 4 11703 9714 3757 9576 
3 3 9576 9423 476 
2 3 3452 3403 574 
2 3 6771 767 3573 
3 7 6771 9718 13275 9680 6741 11729 3734 
2 6 11670 13357 13289 13290 13298 13307 
1 2 13289 13277 
2 5 13307 13354 13338 13276 3686 
1 5 11668 3760 13359 3698 3720 
2 5 3092 9248 3168 312 3338 
2 5 3338 13415 13434 13440 13447 
2 3 13447 13455 13462 
2 5 13462 12530 13470 13308 13471 
2 5 13471 13472 13466 13468 13469 
1 2 13468 6040 
1 2 13455 6192 
2 5 13373 154 13399 13397 10579 
2 6 13434 13418 180 13391 11042 13380 
2 7 13380 87 13400 13311 6016 13403 13373 
2 4 10579 13396 7712 7898 
1 3 72 6166 11074 
1 7 6521 11505 9496 3473 444 3532 6558 
1 4 6521 3499 9456 3522 
1 5 9347 9320 9294 9238 3522 
1 9 6469 495 9443 11533 564 6513 11402 9375 3522 
1 7 6469 587 3547 11470 9575 9559 5291 
1 6 11506 11518 11549 9472 3560 5291 
1 10 11506 9523 9507 6533 3671 3659 629 11582 595 11565 
1 3 6777 9737 11565 
1 10 11506 11491 3506 3681 9625 11593 6786 762 3762 11875 
1 10 6521 9428 478 514 6559 3418 6418 6592 5283 732 
1 7 6788 6973 3976 9752 11734 9582 11584 
1 2 732 9665 
1 8 11584 628 9613 6673 3674 6691 3684 9665 
1 7 6973 6946 910 9750 6862 11751 9904 
1 5 9904 11846 923 9826 819 
1 8 896 3938 9767 6841 9785 9933 813 3816 
1 7 3816 9813 11821 915 9882 3915 6766 
1 7 6906 9896 13222 13223 6836 9797 9764 
1 3 3816 3954 13223 
1 8 3938 6914 9757 11812 11807 9903 1093 10024 
1 4 6906 6959 9889 4098 
1 2 10024 4098 
1 6 896 3986 6948 3810 3871 875 
1 4 1048 7183 1178 875 
1 5 11825 9827 3820 3794 3938 
1 7 6734 9686 11675 3892 920 918 11825 
1 5 3671 669 11869 3626 620 
1 6 6766 11702 755 9734 9751 620 
1 10 9764 854 9824 9853 3946 6960 9898 11877 11849 11834 
1 4 9909 11891 3772 6788 
1 2 11834 11875 
1 4 11834 956 3959 9909 
1 5 910 9907 11889 6985 6606 
1 6 11837 9856 6972 3958 955 819 
1 9 819 955 851 3968 10027 3901 12066 9990 4159 
1 3 6606 6793 9582 
1 4 9904 9794 6926 967 
1 3 688 3684 9665 
1 7 11544 571 3299 9515 6725 6708 688 
1 6 564 9524 11445 11417 9572 11544 
1 3 3594 11593 6613 
1 6 3594 9609 11611 6688 3493 512 
1 4 11506 9523 9507 512 
1 6 6449 3579 11535 6599 9434 11563 
1 4 11563 6569 9534 11506 
1 3 6657 655 3659 
1 3 9347 6257 6389 
1 4 564 6513 3561 425 
1 3 425 6582 3535 
1 3 3535 11481 514 
1 4 6558 17 3381 243 
1 4 6521 11444 3312 6282 
1 5 6282 6334 9334 9361 11372 
1 4 11372 11343 9263 362 
1 4 6558 3460 3283 9570 
1 2 3585 6418 
1 2 6418 11542 
1 4 11544 11529 9545 11499 
1 2 9517 11499 
1 4 9503 6542 3530 9517 
1 4 667 3681 11628 3652 
1 2 3652 9642 
1 4 9642 6698 698 678 
1 3 11516 521 678 
1 2 5291 11516 
1 3 678 6529 9503 
1 4 564 6549 3397 6488 
1 4 571 586 6470 3585 
1 4 3522 9375 526 6377 
1 3 3326 3271 6377 
1 3 11401 9414 11542 
1 5 514 9535 11517 11401 9414 
1 4 11401 11414 3545 9570 
1 3 3569 11525 9569 
1 5 9570 6512 9511 11467 6464 
1 3 6464 13205 9427 
1 3 9427 11413 442 
1 2 11542 9569 
1 5 11542 9429 583 421 6562 
1 3 6562 3414 3583 
1 4 9692 9539 557 3569 
1 3 3544 524 402 
1 3 9508 11492 3544 
1 5 9511 479 584 11428 9508 
1 4 6332 6402 3380 362 
1 3 243 6401 3230 
1 3 3581 3410 442 
3 3 692 11653 9515 
1 3 673 9652 692 
1 4 6788 771 11726 3780 
1 7 3780 9584 6661 11587 6675 9633 673 
